import numpy as np

class Linear:
 def __init__(_self,_X,_Y):

  _self.NUMRULE = 4
  _self.NUMGLEC = 3

  _self.X = _X
  _self.Y = _Y
  _self.mass = np.zeros((_self.NUMGLEC,_self.NUMGLEC), dtype=np.float)
  _self.kxx  = np.zeros((_self.NUMGLEC,_self.NUMGLEC), dtype=np.float)
  _self.kyy  = np.zeros((_self.NUMGLEC,_self.NUMGLEC), dtype=np.float)
  _self.k    = np.zeros((_self.NUMGLEC,_self.NUMGLEC), dtype=np.float)
  _self.gx   = np.zeros((_self.NUMGLEC,_self.NUMGLEC), dtype=np.float)
  _self.gy   = np.zeros((_self.NUMGLEC,_self.NUMGLEC), dtype=np.float)
  _self.dx   = np.zeros((_self.NUMGLEC,_self.NUMGLEC), dtype=np.float)
  _self.dy   = np.zeros((_self.NUMGLEC,_self.NUMGLEC), dtype=np.float)

  _self.gqPoints = [ [0.33333333333333, 0.33333333333333, 0.33333333333333], 
                     [0.60000000000000, 0.20000000000000, 0.20000000000000], 
                     [0.20000000000000, 0.60000000000000, 0.20000000000000], 
                     [0.20000000000000, 0.20000000000000, 0.60000000000000] ]

  _self.gqWeights = [ -0.562500000000000, 
                       0.520833333333333, 
                       0.520833333333333, 
                       0.520833333333333 ]

  _self.phiJ = [ [0.33333333333333, 0.33333333333333, 0.33333333333333], 
                 [0.60000000000000, 0.20000000000000, 0.20000000000000], 
                 [0.20000000000000, 0.60000000000000, 0.20000000000000], 
                 [0.20000000000000, 0.20000000000000, 0.60000000000000] ]

  _self.dphiJdl1 = [ [1.0, 0.0,-1.0], 
                     [1.0, 0.0,-1.0], 
                     [1.0, 0.0,-1.0], 
                     [1.0, 0.0,-1.0] ]

  _self.dphiJdl2 = [ [0.0, 1.0,-1.0], 
                     [0.0, 1.0,-1.0], 
                     [0.0, 1.0,-1.0], 
                     [0.0, 1.0,-1.0] ]
 
 def getM(_self,v):
  jacobian = _self.X[v[2]]*( _self.Y[v[0]]-_self.Y[v[1]]) \
           + _self.X[v[0]]*( _self.Y[v[1]]-_self.Y[v[2]]) \
           + _self.X[v[1]]*(-_self.Y[v[0]]+_self.Y[v[2]])

  localx = np.zeros((_self.NUMRULE), dtype=np.float)
  localy = np.zeros((_self.NUMRULE), dtype=np.float)
  for k in range(0,_self.NUMRULE):
   valx = 0.0;
   valy = 0.0;
   for i in range(0,_self.NUMGLEC):
    valx += _self.X[v[i]] * _self.phiJ[k][i]
    valy += _self.Y[v[i]] * _self.phiJ[k][i]
   localx[k] = valx;
   localy[k] = valy;

  dxdl1 = np.zeros((_self.NUMRULE), dtype=np.float)
  dxdl2 = np.zeros((_self.NUMRULE), dtype=np.float)
  dydl1 = np.zeros((_self.NUMRULE), dtype=np.float)
  dydl2 = np.zeros((_self.NUMRULE), dtype=np.float)
  for k in range(0,_self.NUMRULE): 
   valxl1 = 0.0;
   valxl2 = 0.0;
   valyl1 = 0.0;
   valyl2 = 0.0;
   for i in range(0,_self.NUMGLEC): 
    valxl1 += _self.X[v[i]]*_self.dphiJdl1[k][i]
    valxl2 += _self.X[v[i]]*_self.dphiJdl2[k][i]
    valyl1 += _self.Y[v[i]]*_self.dphiJdl1[k][i]
    valyl2 += _self.Y[v[i]]*_self.dphiJdl2[k][i]
   dxdl1[k] = valxl1
   dxdl2[k] = valxl2
   dydl1[k] = valyl1
   dydl2[k] = valyl2

  dphiJdx = np.zeros((_self.NUMRULE,_self.NUMGLEC), dtype=np.float)
  dphiJdy = np.zeros((_self.NUMRULE,_self.NUMGLEC), dtype=np.float)
  for k in range(0,_self.NUMRULE): 
   for i in range(0,_self.NUMGLEC):
    dphiJdx[k][i] = ( _self.dphiJdl1[k][i]*dydl2[k]-_self.dphiJdl2[k][i]\
                  *dydl1[k] )/jacobian;
    dphiJdy[k][i] = ( -_self.dphiJdl1[k][i]*dxdl2[k]+_self.dphiJdl2[k][i]\
                  *dxdl1[k] )/jacobian;

  _self.mass = np.zeros((_self.NUMGLEC,_self.NUMGLEC), dtype=np.float)
  _self.kxx  = np.zeros((_self.NUMGLEC,_self.NUMGLEC), dtype=np.float)
  _self.kyy  = np.zeros((_self.NUMGLEC,_self.NUMGLEC), dtype=np.float)
  _self.gx   = np.zeros((_self.NUMGLEC,_self.NUMGLEC), dtype=np.float)
  _self.gy   = np.zeros((_self.NUMGLEC,_self.NUMGLEC), dtype=np.float)
  _self.dx   = np.zeros((_self.NUMGLEC,_self.NUMGLEC), dtype=np.float)
  _self.dy   = np.zeros((_self.NUMGLEC,_self.NUMGLEC), dtype=np.float)
  for k in range(0,_self.NUMRULE): 
   for i in range(0,_self.NUMGLEC):
    for j in range(0,_self.NUMGLEC):
     _self.mass[i][j] += _self.phiJ[k][i]*_self.phiJ[k][j]\
                         *jacobian*_self.gqWeights[k];
     _self.kxx[i][j]  += dphiJdx[k][i]*dphiJdx[k][j]\
                         *jacobian*_self.gqWeights[k];
     _self.kyy[i][j]  += dphiJdy[k][i]*dphiJdy[k][j]\
                         *jacobian*_self.gqWeights[k];
     _self.gx[i][j]   += _self.gqPoints[k][i]*dphiJdx[k][j]\
                         *jacobian*_self.gqWeights[k];
     _self.gy[i][j]   += _self.gqPoints[k][i]*dphiJdy[k][j]\
                         *jacobian*_self.gqWeights[k];
     _self.dx[j][i]   += -_self.gqPoints[k][j]*dphiJdx[k][i]\
                         *jacobian*_self.gqWeights[k];
     _self.dy[j][i]   += -_self.gqPoints[k][j]*dphiJdy[k][i]\
                         *jacobian*_self.gqWeights[k];


 def getK(_self,v):

  jacobian = _self.X[v[2]]*( _self.Y[v[0]]-_self.Y[v[1]]) \
           + _self.X[v[0]]*( _self.Y[v[1]]-_self.Y[v[2]]) \
           + _self.X[v[1]]*(-_self.Y[v[0]]+_self.Y[v[2]])

  localx = np.zeros((_self.NUMRULE), dtype=np.float)
  localy = np.zeros((_self.NUMRULE), dtype=np.float)
  for k in range(0,_self.NUMRULE):
   for i in range(0,_self.NUMGLEC):
    localx[k] += _self.X[v[i]] * _self.phiJ[k][i]
    localy[k] += _self.Y[v[i]] * _self.phiJ[k][i]

  dxdl1 = np.zeros((_self.NUMRULE), dtype=np.float)
  dxdl2 = np.zeros((_self.NUMRULE), dtype=np.float)
  dydl1 = np.zeros((_self.NUMRULE), dtype=np.float)
  dydl2 = np.zeros((_self.NUMRULE), dtype=np.float)
  for k in range(0,_self.NUMRULE): 
   for i in range(0,_self.NUMGLEC): 
    dxdl1[k] += _self.X[v[i]]*_self.dphiJdl1[k][i]
    dxdl2[k] += _self.X[v[i]]*_self.dphiJdl2[k][i]
    dydl1[k] += _self.Y[v[i]]*_self.dphiJdl1[k][i]
    dydl2[k] += _self.Y[v[i]]*_self.dphiJdl2[k][i]

  dphiJdx = np.zeros((_self.NUMRULE,_self.NUMGLEC), dtype=np.float)
  dphiJdy = np.zeros((_self.NUMRULE,_self.NUMGLEC), dtype=np.float)
  for k in range(0,_self.NUMRULE): 
   for i in range(0,_self.NUMGLEC):
    dphiJdx[k][i] = ( _self.dphiJdl1[k][i]*dydl2[k]-_self.dphiJdl2[k][i]\
                  *dydl1[k] )/jacobian;
    dphiJdy[k][i] = ( -_self.dphiJdl1[k][i]*dxdl2[k]+_self.dphiJdl2[k][i]\
                  *dxdl1[k] )/jacobian;

  _self.mass = np.zeros((_self.NUMGLEC,_self.NUMGLEC), dtype=np.float)
  _self.kxx  = np.zeros((_self.NUMGLEC,_self.NUMGLEC), dtype=np.float)
  _self.kyy  = np.zeros((_self.NUMGLEC,_self.NUMGLEC), dtype=np.float)
  for k in range(0,_self.NUMRULE): 
   for i in range(0,_self.NUMGLEC):
    for j in range(0,_self.NUMGLEC):
     _self.kxx[i][j] += dphiJdx[k][i]*dphiJdx[k][j]\
                     *jacobian*_self.gqWeights[k];
     _self.kyy[i][j] += dphiJdy[k][i]*dphiJdy[k][j]\
                     *jacobian*_self.gqWeights[k];


 def getKAnalytic(_self,v):
  A=0.5*( ((_self.X[v[1]]-_self.X[v[0]])*(_self.Y[v[2]]-_self.Y[v[0]]))\
         -((_self.X[v[2]]-_self.X[v[0]])*(_self.Y[v[1]]-_self.Y[v[0]])) )
 
  _self.mass = ([ [A*(1.0/6.0),  A*(1.0/12.0), A*(1.0/12.0)],
                  [A*(1.0/12.0), A*(1.0/6.0),  A*(1.0/12.0)],
                  [A*(1.0/12.0), A*(1.0/12.0), A*(1.0/6.0)] ])
 
  b1 = _self.Y[v[1]]-_self.Y[v[2]]
  b2 = _self.Y[v[2]]-_self.Y[v[0]]
  b3 = _self.Y[v[0]]-_self.Y[v[1]]
 
  c1 = _self.X[v[2]]-_self.X[v[1]]
  c2 = _self.X[v[0]]-_self.X[v[2]]
  c3 = _self.X[v[1]]-_self.X[v[0]]
 
  B = np.array([ [(1.0/2*A)*b1, (1.0/2*A)*b2, (1.0/2*A)*b3],
                 [(1.0/2*A)*c1, (1.0/2*A)*c2, (1.0/2*A)*c3] ])

  BT = np.array([ [(1.0/2*A)*b1, (1.0/2*A)*c1],
                  [(1.0/2*A)*b2, (1.0/2*A)*c2],
                  [(1.0/2*A)*b3, (1.0/2*A)*c3] ])

  for i in range(0,_self.NUMGLEC):
   for j in range(0,_self.NUMGLEC-1):
    _self.k[i][j] += BT[i][j]*B[j][i]


class Mini:
 def __init__(_self,_X,_Y):

  _self.NUMRULE = 12
  _self.NUMGLEU = 4 
  _self.NUMGLEP = 3 

  _self.X = _X
  _self.Y = _Y
  _self.mass = np.zeros((_self.NUMGLEU,_self.NUMGLEU), dtype=np.float)
  _self.kxx  = np.zeros((_self.NUMGLEU,_self.NUMGLEU), dtype=np.float)
  _self.kxy  = np.zeros((_self.NUMGLEU,_self.NUMGLEU), dtype=np.float)
  _self.kyx  = np.zeros((_self.NUMGLEU,_self.NUMGLEU), dtype=np.float)
  _self.kyy  = np.zeros((_self.NUMGLEU,_self.NUMGLEU), dtype=np.float)
  _self.k    = np.zeros((_self.NUMGLEU,_self.NUMGLEU), dtype=np.float)
  _self.gx   = np.zeros((_self.NUMGLEU,_self.NUMGLEP), dtype=np.float)
  _self.gy   = np.zeros((_self.NUMGLEU,_self.NUMGLEP), dtype=np.float)
  _self.dx   = np.zeros((_self.NUMGLEP,_self.NUMGLEU), dtype=np.float)
  _self.dy   = np.zeros((_self.NUMGLEP,_self.NUMGLEU), dtype=np.float)

  _self.gqPoints=[ [0.873821971016996, 0.063089014491502, 0.063089014491502],
                   [0.063089014491502, 0.873821971016996, 0.063089014491502],
                   [0.063089014491502, 0.063089014491502, 0.873821971016996],
                   [0.501426509658179, 0.249286745170910, 0.249286745170911],
                   [0.249286745170910, 0.501426509658179, 0.249286745170911],
                   [0.249286745170910, 0.249286745170910, 0.50142650965818 ],
                   [0.636502499121399, 0.310352451033785, 0.053145049844816],
                   [0.636502499121399, 0.053145049844816, 0.310352451033785],
                   [0.310352451033785, 0.636502499121399, 0.053145049844816],
                   [0.310352451033785, 0.053145049844816, 0.636502499121399],
                   [0.053145049844816, 0.636502499121399, 0.310352451033785],
                   [0.053145049844816, 0.310352451033785, 0.636502499121399] ]

  _self.gqWeights = [ 0.050844906370207,
                      0.050844906370207,
                      0.050844906370207,
                      0.116786275726379,
                      0.116786275726379,
                      0.116786275726379,
                      0.082851075618374,
                      0.082851075618374,
                      0.082851075618374,
                      0.082851075618374,
                      0.082851075618374,
                      0.082851075618374 ]

  _self.phiJ = [ 
[ 0.842519908360035, 0.031786951834541, 0.031786951834541, 0.093906187970883],
[ 0.031786951834541, 0.842519908360035, 0.031786951834541, 0.093906187970883],
[ 0.031786951834541, 0.031786951834541, 0.842519908360035, 0.093906187970883],
[ 0.220981204105529,-0.03115856038174 ,-0.031158560381739, 0.841335916657949],
[-0.03115856038174 , 0.220981204105529,-0.031158560381739, 0.841335916657949],
[-0.031158560381739,-0.031158560381739, 0.220981204105531, 0.841335916657947],
[ 0.542017987859968, 0.215867939772354,-0.041339461416615, 0.283453533784293],
[ 0.542017987859968,-0.041339461416615, 0.215867939772354, 0.283453533784293],
[ 0.215867939772354, 0.542017987859968,-0.041339461416615, 0.283453533784293],
[ 0.215867939772354,-0.041339461416615, 0.542017987859968, 0.283453533784293],
[-0.041339461416615, 0.542017987859968, 0.215867939772354, 0.283453533784293],
[-0.041339461416615, 0.215867939772354, 0.542017987859968, 0.283453533784293] ]

  _self.dphiJdl1 = [ 
[ 1.460335089186776,  4.603350891867764e-01,-0.539664910813224,
  -1.381005267560329e+00],
[ 1.               ,  3.885780586188048e-16,-1.               ,
  -1.332267629550188e-15],
[ 0.539664910813224, -4.603350891867763e-01,-1.460335089186776,
  1.381005267560329e+00],
[ 1.565695910954718,  5.656959109547176e-01,-0.434304089045282,
  -1.697087732864153e+00],
[ 0.999999999999996, -4.440892098500626e-15,-1.000000000000004,
  1.332267629550188e-14],
[ 0.434304089045278, -5.656959109547223e-01,-1.565695910954722,
  1.697087732864166e+00],
[ 2.62941772790624 ,  1.629417727906240e+00, 0.62941772790624 ,
  -4.888253183718719e+00],
[ 1.155999345062549,  1.559993450625485e-01,-0.844000654937452,
  -4.679980351876453e-01],
[ 2.473418382843691,  1.473418382843691e+00, 0.473418382843691,
  -4.420255148531075e+00],
[ 0.844000654937452, -1.559993450625484e-01,-1.155999345062548,
  4.679980351876453e-01],
[-0.473418382843691, -1.473418382843691e+00,-2.473418382843691,
  4.420255148531074e+00],
[-0.62941772790624 , -1.629417727906240e+00,-2.62941772790624 ,
  4.888253183718721e+00] ]

  _self.dphiJdl2 = [
[ 4.440892098500626e-16, 1.               ,-1.               ,
 -1.332267629550188e-15],
[ 4.603350891867763e-01, 1.460335089186776,-0.539664910813224,
 -1.381005267560329e+00],
[-4.603350891867763e-01, 0.539664910813224,-1.460335089186776,
 1.381005267560329e+00],
[-4.440892098500626e-15, 0.999999999999996,-1.000000000000004,
 1.332267629550188e-14],
[ 5.656959109547176e-01, 1.565695910954718,-0.434304089045282,
 -1.697087732864153e+00],
[-5.656959109547223e-01, 0.434304089045278,-1.565695910954722,
 1.697087732864166e+00],
[ 1.473418382843691e+00, 2.473418382843691, 0.473418382843691,
 -4.420255148531074e+00],
[-1.473418382843691e+00,-0.473418382843691,-2.473418382843691,
 4.420255148531074e+00],
[ 1.629417727906240e+00, 2.62941772790624 , 0.62941772790624 ,
 -4.888253183718720e+00],
[-1.629417727906240e+00,-0.62941772790624 ,-2.62941772790624 ,
 4.888253183718721e+00],
[ 1.559993450625485e-01, 1.155999345062549,-0.844000654937452,
 -4.679980351876454e-01],
[-1.559993450625484e-01, 0.844000654937452,-1.155999345062548,
 4.679980351876453e-01] ]

  _self.dgqPointsdl1 = [ [1, 0, -1],
                         [1, 0, -1],
                         [1, 0, -1],
                         [1, 0, -1],
                         [1, 0, -1],
                         [1, 0, -1],
                         [1, 0, -1],
                         [1, 0, -1],
                         [1, 0, -1],
                         [1, 0, -1],
                         [1, 0, -1],
                         [1, 0, -1] ]

  _self.dgqPointsdl2 = [ [0, 1, -1],
                         [0, 1, -1],
                         [0, 1, -1],
                         [0, 1, -1],
                         [0, 1, -1],
                         [0, 1, -1],
                         [0, 1, -1],
                         [0, 1, -1],
                         [0, 1, -1],
                         [0, 1, -1],
                         [0, 1, -1],
                         [0, 1, -1] ]

 
 def getM(_self,v):

  jacobian = _self.X[v[2]]*( _self.Y[v[0]]-_self.Y[v[1]]) \
           + _self.X[v[0]]*( _self.Y[v[1]]-_self.Y[v[2]]) \
           + _self.X[v[1]]*(-_self.Y[v[0]]+_self.Y[v[2]])

  localx = [0.0]*_self.NUMRULE
  localy = [0.0]*_self.NUMRULE
  for k in range(0,_self.NUMRULE):
   for i in range(0,_self.NUMGLEU):
    localx[k] += _self.X[v[i]] * _self.phiJ[k][i]
    localy[k] += _self.Y[v[i]] * _self.phiJ[k][i]

  dxdl1 = [0.0]*_self.NUMRULE
  dxdl2 = [0.0]*_self.NUMRULE
  dydl1 = [0.0]*_self.NUMRULE
  dydl2 = [0.0]*_self.NUMRULE
  for k in range(0,_self.NUMRULE): 
   for i in range(0,_self.NUMGLEU): 
    dxdl1[k] += _self.X[v[i]]*_self.dphiJdl1[k][i]
    dxdl2[k] += _self.X[v[i]]*_self.dphiJdl2[k][i]
    dydl1[k] += _self.Y[v[i]]*_self.dphiJdl1[k][i]
    dydl2[k] += _self.Y[v[i]]*_self.dphiJdl2[k][i]

  dphiJdx = [[0.0]*_self.NUMGLEU for i in range(_self.NUMRULE)]
  dphiJdy = [[0.0]*_self.NUMGLEU for i in range(_self.NUMRULE)]
  for k in range(0,_self.NUMRULE): 
   for i in range(0,_self.NUMGLEU):
    dphiJdx[k][i] = (  _self.dphiJdl1[k][i]*dydl2[k]-
	                   _self.dphiJdl2[k][i]*dydl1[k] )/jacobian;
    dphiJdy[k][i] = ( -_self.dphiJdl1[k][i]*dxdl2[k]+
	                   _self.dphiJdl2[k][i]*dxdl1[k] )/jacobian;

  _self.mass = np.zeros((_self.NUMGLEU,_self.NUMGLEU), dtype=np.float)
  _self.kxx  = np.zeros((_self.NUMGLEU,_self.NUMGLEU), dtype=np.float)
  _self.kxy  = np.zeros((_self.NUMGLEU,_self.NUMGLEU), dtype=np.float)
  _self.kyx  = np.zeros((_self.NUMGLEU,_self.NUMGLEU), dtype=np.float)
  _self.kyy  = np.zeros((_self.NUMGLEU,_self.NUMGLEU), dtype=np.float)
  _self.k    = np.zeros((_self.NUMGLEU,_self.NUMGLEU), dtype=np.float)
  _self.gx   = np.zeros((_self.NUMGLEU,_self.NUMGLEP), dtype=np.float)
  _self.gy   = np.zeros((_self.NUMGLEU,_self.NUMGLEP), dtype=np.float)
  _self.dx   = np.zeros((_self.NUMGLEP,_self.NUMGLEU), dtype=np.float)
  _self.dy   = np.zeros((_self.NUMGLEP,_self.NUMGLEU), dtype=np.float)
  for k in range(0,_self.NUMRULE): 
   for i in range(0,_self.NUMGLEU):
    for j in range(0,_self.NUMGLEU):
     _self.mass[i][j] += _self.phiJ[k][i]*_self.phiJ[k][j]*\
                         jacobian*_self.gqWeights[k];
     _self.kxx[i][j] += dphiJdx[k][i]*dphiJdx[k][j]*\
                        jacobian*_self.gqWeights[k];
     _self.kxy[i][j] += dphiJdx[k][i]*dphiJdy[k][j]*\
                        jacobian*_self.gqWeights[k];
     _self.kyy[i][j] += dphiJdy[k][i]*dphiJdy[k][j]*\
                        jacobian*_self.gqWeights[k];
     _self.kxy[i][j] += dphiJdx[k][i]*dphiJdy[k][j]*\
                        jacobian*_self.gqWeights[k];

    for j in range(0,_self.NUMGLEP):
     _self.gx[i][j] -= _self.gqPoints[k][j]*dphiJdx[k][i]*\
                       jacobian*_self.gqWeights[k];
     _self.gy[i][j] -= _self.gqPoints[k][j]*dphiJdy[k][i]*\
                       jacobian*_self.gqWeights[k];
     _self.dx[j][i] -= _self.gqPoints[k][j]*dphiJdx[k][i]*\
                       jacobian*_self.gqWeights[k];
     _self.dy[j][i] -= _self.gqPoints[k][j]*dphiJdy[k][i]*\
                       jacobian*_self.gqWeights[k];

 def getK(_self,v):

  jacobian = _self.X[v[2]]*( _self.Y[v[0]]-_self.Y[v[1]]) \
           + _self.X[v[0]]*( _self.Y[v[1]]-_self.Y[v[2]]) \
           + _self.X[v[1]]*(-_self.Y[v[0]]+_self.Y[v[2]])

  localx = np.zeros((_self.NUMRULE), dtype=np.float)
  localy = np.zeros((_self.NUMRULE), dtype=np.float)
  for k in range(0,_self.NUMRULE):
   valx = 0.0;
   valy = 0.0;
   for i in range(0,_self.NUMGLEU):
    valx += _self.X[v[i]] * _self.phiJ[k][i]
    valy += _self.Y[v[i]] * _self.phiJ[k][i]
   localx[k] = valx;
   localy[k] = valy;

  dxdl1 = np.zeros((_self.NUMRULE), dtype=np.float)
  dxdl2 = np.zeros((_self.NUMRULE), dtype=np.float)
  dydl1 = np.zeros((_self.NUMRULE), dtype=np.float)
  dydl2 = np.zeros((_self.NUMRULE), dtype=np.float)
  for k in range(0,_self.NUMRULE): 
   valxl1 = 0.0;
   valxl2 = 0.0;
   valyl1 = 0.0;
   valyl2 = 0.0;
   for i in range(0,_self.NUMGLEU): 
    valxl1 += _self.X[v[i]]*_self.dphiJdl1[k][i]
    valxl2 += _self.X[v[i]]*_self.dphiJdl2[k][i]
    valyl1 += _self.Y[v[i]]*_self.dphiJdl1[k][i]
    valyl2 += _self.Y[v[i]]*_self.dphiJdl2[k][i]
   dxdl1[k] = valxl1
   dxdl2[k] = valxl2
   dydl1[k] = valyl1
   dydl2[k] = valyl2

  dphiJdx = np.zeros((_self.NUMRULE,_self.NUMGLEU), dtype=np.float)
  dphiJdy = np.zeros((_self.NUMRULE,_self.NUMGLEU), dtype=np.float)
  for k in range(0,_self.NUMRULE): 
   for i in range(0,_self.NUMGLEU):
    dphiJdx[k][i] = ( _self.dphiJdl1[k][i]*dydl2[k]-_self.dphiJdl2[k][i]\
                  *dydl1[k] )/jacobian;
    dphiJdy[k][i] = ( -_self.dphiJdl1[k][i]*dxdl2[k]+_self.dphiJdl2[k][i]\
                  *dxdl1[k] )/jacobian;

  _self.kxx  = np.zeros((_self.NUMGLEU,_self.NUMGLEU), dtype=np.float)
  _self.kxy  = np.zeros((_self.NUMGLEU,_self.NUMGLEU), dtype=np.float)
  _self.kyx  = np.zeros((_self.NUMGLEU,_self.NUMGLEU), dtype=np.float)
  _self.kyy  = np.zeros((_self.NUMGLEU,_self.NUMGLEU), dtype=np.float)
  for k in range(0,_self.NUMRULE): 
   for i in range(0,_self.NUMGLEU):
    for j in range(0,_self.NUMGLEU):
     _self.kxx[i][j] += dphiJdx[k][i]*dphiJdx[k][j]\
                     *jacobian*_self.gqWeights[k];
     _self.kxy[i][j] += dphiJdx[k][i]*dphiJdy[k][j]\
                     *jacobian*_self.gqWeights[k];
     _self.kyy[i][j] += dphiJdy[k][i]*dphiJdy[k][j]\
                     *jacobian*_self.gqWeights[k];
     _self.kxy[i][j] += dphiJdx[k][i]*dphiJdy[k][j]\
                     *jacobian*_self.gqWeights[k];

class Quad:
 def __init__(_self,_X,_Y):

  _self.NUMRULE = 12
  _self.NUMGLEU = 6 
  _self.NUMGLEP = 3 

  _self.X = _X
  _self.Y = _Y
  _self.mass = np.zeros((_self.NUMGLEU,_self.NUMGLEU), dtype=np.float)
  _self.kxx  = np.zeros((_self.NUMGLEU,_self.NUMGLEU), dtype=np.float)
  _self.kxy  = np.zeros((_self.NUMGLEU,_self.NUMGLEU), dtype=np.float)
  _self.kyx  = np.zeros((_self.NUMGLEU,_self.NUMGLEU), dtype=np.float)
  _self.kyy  = np.zeros((_self.NUMGLEU,_self.NUMGLEU), dtype=np.float)
  _self.k    = np.zeros((_self.NUMGLEU,_self.NUMGLEU), dtype=np.float)
  _self.gx   = np.zeros((_self.NUMGLEU,_self.NUMGLEP), dtype=np.float)
  _self.gy   = np.zeros((_self.NUMGLEU,_self.NUMGLEP), dtype=np.float)
  _self.dx   = np.zeros((_self.NUMGLEP,_self.NUMGLEU), dtype=np.float)
  _self.dy   = np.zeros((_self.NUMGLEP,_self.NUMGLEU), dtype=np.float)

  _self.gqPoints=[ [0.249286745171, 0.249286745171, 0.501426509658 ],
                   [0.249286745171, 0.501426509658, 0.249286745171 ],
                   [0.501426509658, 0.249286745171, 0.249286745171 ],
                   [0.063089014492, 0.063089014492, 0.873821971017 ],
                   [0.063089014492, 0.873821971017, 0.063089014491 ],
                   [0.873821971017, 0.063089014492, 0.063089014491 ],
                   [0.310352451034, 0.636502499121, 0.053145049845 ],
                   [0.636502499121, 0.053145049845, 0.310352451034 ],
                   [0.053145049845, 0.310352451034, 0.636502499121 ],
                   [0.636502499121, 0.310352451034, 0.053145049845 ],
                   [0.310352451034, 0.053145049845, 0.636502499121 ],
                   [0.053145049845, 0.636502499121, 0.310352451034 ] ]

  _self.gqWeights = [ 0.116786275726,
                      0.116786275726,
                      0.116786275726,
                      0.050844906370,
                      0.050844906370,
                      0.050844906370,
                      0.082851075618,
                      0.082851075618,
                      0.082851075618,
                      0.082851075618,
                      0.082851075618,
                      0.082851075618 ]

  _self.phiJ = [ 
[-0.124998982535, -0.124998982535, 0.001430579518, 0.248575525272, 0.499995930140, 0.499995930140 ],
[-0.124998982535, 0.001430579518, -0.124998982535, 0.499995930140, 0.499995930140, 0.248575525272 ],
[0.001430579518, -0.124998982535, -0.124998982535, 0.499995930140, 0.248575525272, 0.499995930140 ],
[-0.055128566992, -0.055128566992, 0.653307703047, 0.015920894998, 0.220514267970, 0.220514267970 ],
[-0.055128566992, 0.653307703047, -0.055128566992, 0.220514267970, 0.220514267970, 0.015920894998 ],
[0.653307703047, -0.055128566992, -0.055128566992, 0.220514267970, 0.015920894998, 0.220514267970 ],
[-0.117715163308, 0.173768363654, -0.047496257199, 0.790160442766, 0.135307828169, 0.065974785919 ],
[0.173768363654, -0.047496257199, -0.117715163308, 0.135307828169, 0.065974785919, 0.790160442766 ],
[-0.047496257199, -0.117715163308, 0.173768363654, 0.065974785919, 0.790160442766, 0.135307828169 ],
[0.173768363654, -0.117715163308, -0.047496257199, 0.790160442766, 0.065974785919, 0.135307828169 ],
[-0.117715163308, -0.047496257199, 0.173768363654, 0.065974785919, 0.135307828169, 0.790160442766 ],
[-0.047496257199, 0.173768363654, -0.117715163308, 0.135307828169, 0.790160442766, 0.065974785919 ] ]



  _self.dphiJdl1 = [ 
[-0.002853019316, 0.000000000000, -1.005706038632, 0.997146980684, -0.997146980684, 1.008559057948 ],
[-0.002853019316, 0.000000000000, 0.002853019316, 2.005706038632, -2.005706038632, 0.000000000000 ],
[1.005706038632, 0.000000000000, 0.002853019316, 0.997146980684,  -0.997146980684, -1.008559057948 ],
[-0.747643942034, 0.000000000000, -2.495287884068, 0.252356057966, -0.252356057966, 3.242931826102 ],
[-0.747643942034, 0.000000000000, 0.747643942034, 3.495287884068,  -3.495287884068, -0.000000000000 ],
[2.495287884068, 0.000000000000, 0.747643942034, 0.252356057966, -0.252356057966, -3.242931826102 ],
[0.241409804136, 0.000000000000, 0.787419800620, 2.546009996484, -2.546009996484, -1.028829604756 ],
[1.546009996484, 0.000000000000, -0.241409804137, 0.212580199379, -0.212580199379, -1.304600192347 ],
[-0.787419800621, 0.000000000000, -1.546009996485, 1.241409804136, -1.241409804136, 2.333429797106 ],
[1.546009996484, 0.000000000000, 0.787419800620, 1.241409804136, -1.241409804136, -2.333429797104 ],
[0.241409804136, 0.000000000000, -1.546009996485, 0.212580199379, -0.212580199379, 1.304600192349 ],
[-0.787419800621, 0.000000000000, -0.241409804137, 2.546009996484, -2.546009996484, 1.028829604758 ] ]


  _self.dphiJdl2 = [
[0.000000000000, -0.002853019316, -1.005706038632, 0.997146980684, 1.008559057948, -0.997146980684 ],
[0.000000000000, 1.005706038632, 0.002853019316, 0.997146980684, -1.008559057948, -0.997146980684 ],
[0.000000000000, -0.002853019316, 0.002853019316, 2.005706038632, -0.000000000000, -2.005706038632 ],
[0.000000000000, -0.747643942034, -2.495287884068, 0.252356057966, 3.242931826102, -0.252356057966 ],
[0.000000000000, 2.495287884068, 0.747643942034, 0.252356057966, -3.242931826102, -0.252356057966 ],
[0.000000000000, -0.747643942034, 0.747643942034, 3.495287884068, -0.000000000000, -3.495287884068 ],
[0.000000000000, 1.546009996484, 0.787419800620, 1.241409804136, -2.333429797104, -1.241409804136 ],
[0.000000000000, -0.787419800621, -0.241409804137, 2.546009996484, 1.028829604758, -2.546009996484 ],
[0.000000000000, 0.241409804136, -1.546009996485, 0.212580199379, 1.304600192349, -0.212580199379 ],
[0.000000000000, 0.241409804136, 0.787419800620, 2.546009996484, -1.028829604756, -2.546009996484 ],
[0.000000000000, -0.787419800621, -1.546009996485, 1.241409804136, 2.333429797106, -1.241409804136 ],
[0.000000000000, 1.546009996484, -0.241409804137, 0.212580199379, -1.304600192347, -0.212580199379 ] ]



  _self.dgqPointsdl1 = [ [1, 0, -1],
                         [1, 0, -1],
                         [1, 0, -1],
                         [1, 0, -1],
                         [1, 0, -1],
                         [1, 0, -1],
                         [1, 0, -1],
                         [1, 0, -1],
                         [1, 0, -1],
                         [1, 0, -1],
                         [1, 0, -1],
                         [1, 0, -1] ]

  _self.dgqPointsdl2 = [ [0, 1, -1],
                         [0, 1, -1],
                         [0, 1, -1],
                         [0, 1, -1],
                         [0, 1, -1],
                         [0, 1, -1],
                         [0, 1, -1],
                         [0, 1, -1],
                         [0, 1, -1],
                         [0, 1, -1],
                         [0, 1, -1],
                         [0, 1, -1] ]

 
 def getM(_self,v):

  jacobian = _self.X[v[2]]*( _self.Y[v[0]]-_self.Y[v[1]]) \
           + _self.X[v[0]]*( _self.Y[v[1]]-_self.Y[v[2]]) \
           + _self.X[v[1]]*(-_self.Y[v[0]]+_self.Y[v[2]])

  localx = [0.0]*_self.NUMRULE
  localy = [0.0]*_self.NUMRULE
  for k in range(0,_self.NUMRULE):
   for i in range(0,_self.NUMGLEU):
    localx[k] += _self.X[v[i]] * _self.phiJ[k][i]
    localy[k] += _self.Y[v[i]] * _self.phiJ[k][i]

  dxdl1 = [0.0]*_self.NUMRULE
  dxdl2 = [0.0]*_self.NUMRULE
  dydl1 = [0.0]*_self.NUMRULE
  dydl2 = [0.0]*_self.NUMRULE
  for k in range(0,_self.NUMRULE): 
   for i in range(0,_self.NUMGLEU): 
    dxdl1[k] += _self.X[v[i]]*_self.dphiJdl1[k][i]
    dxdl2[k] += _self.X[v[i]]*_self.dphiJdl2[k][i]
    dydl1[k] += _self.Y[v[i]]*_self.dphiJdl1[k][i]
    dydl2[k] += _self.Y[v[i]]*_self.dphiJdl2[k][i]

  dphiJdx = [[0.0]*_self.NUMGLEU for i in range(_self.NUMRULE)]
  dphiJdy = [[0.0]*_self.NUMGLEU for i in range(_self.NUMRULE)]
  for k in range(0,_self.NUMRULE): 
   for i in range(0,_self.NUMGLEU):
    dphiJdx[k][i] = (  _self.dphiJdl1[k][i]*dydl2[k]-
	                   _self.dphiJdl2[k][i]*dydl1[k] )/jacobian;
    dphiJdy[k][i] = ( -_self.dphiJdl1[k][i]*dxdl2[k]+
	                   _self.dphiJdl2[k][i]*dxdl1[k] )/jacobian;

  _self.mass = np.zeros((_self.NUMGLEU,_self.NUMGLEU), dtype=np.float)
  _self.kxx  = np.zeros((_self.NUMGLEU,_self.NUMGLEU), dtype=np.float)
  _self.kxy  = np.zeros((_self.NUMGLEU,_self.NUMGLEU), dtype=np.float)
  _self.kyx  = np.zeros((_self.NUMGLEU,_self.NUMGLEU), dtype=np.float)
  _self.kyy  = np.zeros((_self.NUMGLEU,_self.NUMGLEU), dtype=np.float)
  _self.k    = np.zeros((_self.NUMGLEU,_self.NUMGLEU), dtype=np.float)
  _self.gx   = np.zeros((_self.NUMGLEU,_self.NUMGLEP), dtype=np.float)
  _self.gy   = np.zeros((_self.NUMGLEU,_self.NUMGLEP), dtype=np.float)
  _self.dx   = np.zeros((_self.NUMGLEP,_self.NUMGLEU), dtype=np.float)
  _self.dy   = np.zeros((_self.NUMGLEP,_self.NUMGLEU), dtype=np.float)
  for k in range(0,_self.NUMRULE): 
   for i in range(0,_self.NUMGLEU):
    for j in range(0,_self.NUMGLEU):
     _self.mass[i][j] += _self.phiJ[k][i]*_self.phiJ[k][j]*\
                         jacobian*_self.gqWeights[k];
     _self.kxx[i][j] += dphiJdx[k][i]*dphiJdx[k][j]*\
                        jacobian*_self.gqWeights[k];
     _self.kxy[i][j] += dphiJdx[k][i]*dphiJdy[k][j]*\
                        jacobian*_self.gqWeights[k];
     _self.kyy[i][j] += dphiJdy[k][i]*dphiJdy[k][j]*\
                        jacobian*_self.gqWeights[k];
     _self.kxy[i][j] += dphiJdx[k][i]*dphiJdy[k][j]*\
                        jacobian*_self.gqWeights[k];

    for j in range(0,_self.NUMGLEP):
     _self.gx[i][j] -= _self.gqPoints[k][j]*dphiJdx[k][i]*\
                       jacobian*_self.gqWeights[k];
     _self.gy[i][j] -= _self.gqPoints[k][j]*dphiJdy[k][i]*\
                       jacobian*_self.gqWeights[k];
     _self.dx[j][i] -= _self.gqPoints[k][j]*dphiJdx[k][i]*\
                       jacobian*_self.gqWeights[k];
     _self.dy[j][i] -= _self.gqPoints[k][j]*dphiJdy[k][i]*\
                       jacobian*_self.gqWeights[k];

 def getK(_self,v):

  jacobian = _self.X[v[2]]*( _self.Y[v[0]]-_self.Y[v[1]]) \
           + _self.X[v[0]]*( _self.Y[v[1]]-_self.Y[v[2]]) \
           + _self.X[v[1]]*(-_self.Y[v[0]]+_self.Y[v[2]])

  localx = np.zeros((_self.NUMRULE), dtype=np.float)
  localy = np.zeros((_self.NUMRULE), dtype=np.float)
  for k in range(0,_self.NUMRULE):
   valx = 0.0;
   valy = 0.0;
   for i in range(0,_self.NUMGLEU):
    valx += _self.X[v[i]] * _self.phiJ[k][i]
    valy += _self.Y[v[i]] * _self.phiJ[k][i]
   localx[k] = valx;
   localy[k] = valy;

  dxdl1 = np.zeros((_self.NUMRULE), dtype=np.float)
  dxdl2 = np.zeros((_self.NUMRULE), dtype=np.float)
  dydl1 = np.zeros((_self.NUMRULE), dtype=np.float)
  dydl2 = np.zeros((_self.NUMRULE), dtype=np.float)
  for k in range(0,_self.NUMRULE): 
   valxl1 = 0.0;
   valxl2 = 0.0;
   valyl1 = 0.0;
   valyl2 = 0.0;
   for i in range(0,_self.NUMGLEU): 
    valxl1 += _self.X[v[i]]*_self.dphiJdl1[k][i]
    valxl2 += _self.X[v[i]]*_self.dphiJdl2[k][i]
    valyl1 += _self.Y[v[i]]*_self.dphiJdl1[k][i]
    valyl2 += _self.Y[v[i]]*_self.dphiJdl2[k][i]
   dxdl1[k] = valxl1
   dxdl2[k] = valxl2
   dydl1[k] = valyl1
   dydl2[k] = valyl2

  dphiJdx = np.zeros((_self.NUMRULE,_self.NUMGLEU), dtype=np.float)
  dphiJdy = np.zeros((_self.NUMRULE,_self.NUMGLEU), dtype=np.float)
  for k in range(0,_self.NUMRULE): 
   for i in range(0,_self.NUMGLEU):
    dphiJdx[k][i] = ( _self.dphiJdl1[k][i]*dydl2[k]-_self.dphiJdl2[k][i]\
                  *dydl1[k] )/jacobian;
    dphiJdy[k][i] = ( -_self.dphiJdl1[k][i]*dxdl2[k]+_self.dphiJdl2[k][i]\
                  *dxdl1[k] )/jacobian;

  _self.kxx  = np.zeros((_self.NUMGLEU,_self.NUMGLEU), dtype=np.float)
  _self.kxy  = np.zeros((_self.NUMGLEU,_self.NUMGLEU), dtype=np.float)
  _self.kyx  = np.zeros((_self.NUMGLEU,_self.NUMGLEU), dtype=np.float)
  _self.kyy  = np.zeros((_self.NUMGLEU,_self.NUMGLEU), dtype=np.float)
  for k in range(0,_self.NUMRULE): 
   for i in range(0,_self.NUMGLEU):
    for j in range(0,_self.NUMGLEU):
     _self.kxx[i][j] += dphiJdx[k][i]*dphiJdx[k][j]\
                     *jacobian*_self.gqWeights[k];
     _self.kxy[i][j] += dphiJdx[k][i]*dphiJdy[k][j]\
                     *jacobian*_self.gqWeights[k];
     _self.kyy[i][j] += dphiJdy[k][i]*dphiJdy[k][j]\
                     *jacobian*_self.gqWeights[k];
     _self.kxy[i][j] += dphiJdx[k][i]*dphiJdy[k][j]\
                     *jacobian*_self.gqWeights[k];


class QuadBubble:
 def __init__(_self,_X,_Y):

  _self.NUMRULE = 12
  _self.NUMGLEU = 7 
  _self.NUMGLEP = 3 

  _self.X = _X
  _self.Y = _Y
  _self.mass = np.zeros((_self.NUMGLEU,_self.NUMGLEU), dtype=np.float)
  _self.kxx  = np.zeros((_self.NUMGLEU,_self.NUMGLEU), dtype=np.float)
  _self.kxy  = np.zeros((_self.NUMGLEU,_self.NUMGLEU), dtype=np.float)
  _self.kyx  = np.zeros((_self.NUMGLEU,_self.NUMGLEU), dtype=np.float)
  _self.kyy  = np.zeros((_self.NUMGLEU,_self.NUMGLEU), dtype=np.float)
  _self.k    = np.zeros((_self.NUMGLEU,_self.NUMGLEU), dtype=np.float)
  _self.gx   = np.zeros((_self.NUMGLEU,_self.NUMGLEP), dtype=np.float)
  _self.gy   = np.zeros((_self.NUMGLEU,_self.NUMGLEP), dtype=np.float)
  _self.dx   = np.zeros((_self.NUMGLEP,_self.NUMGLEU), dtype=np.float)
  _self.dy   = np.zeros((_self.NUMGLEP,_self.NUMGLEU), dtype=np.float)

  _self.gqPoints=[ [0.249286745171, 0.249286745171, 0.501426509658 ],
                   [0.249286745171, 0.501426509658, 0.249286745171 ],
                   [0.501426509658, 0.249286745171, 0.249286745171 ],
                   [0.063089014492, 0.063089014492, 0.873821971017 ],
                   [0.063089014492, 0.873821971017, 0.063089014491 ],
                   [0.873821971017, 0.063089014492, 0.063089014491 ],
                   [0.310352451034, 0.636502499121, 0.053145049845 ],
                   [0.636502499121, 0.053145049845, 0.310352451034 ],
                   [0.053145049845, 0.310352451034, 0.636502499121 ],
                   [0.636502499121, 0.310352451034, 0.053145049845 ],
                   [0.310352451034, 0.053145049845, 0.636502499121 ],
                   [0.053145049845, 0.636502499121, 0.310352451034 ] ]

  _self.gqWeights = [ 0.116786275726,
                      0.116786275726,
                      0.116786275726,
                      0.050844906370,
                      0.050844906370,
                      0.050844906370,
                      0.082851075618,
                      0.082851075618,
                      0.082851075618,
                      0.082851075618,
                      0.082851075618,
                      0.082851075618 ]

  _self.phiJ = [ 
[-0.031517214017514, -0.031517214017514, 0.094912348035192, -0.125351548798530, 0.126068856070057, 0.126068856070057, 0.841335916658253 ],
[-0.031517214017514, 0.094912348035192, -0.031517214017514, 0.126068856070057, 0.126068856070057, -0.125351548798530, 0.841335916658253 ],
[0.094912348035192, -0.031517214017514, -0.031517214017514, 0.126068856070057, -0.125351548798530, 0.126068856070057, 0.841335916658253 ],
[-0.044694546106830, -0.044694546106830, 0.663741723932723, -0.025815188544578, 0.178778184427318, 0.178778184427318, 0.093906187970878 ],
[-0.044694546106830, 0.663741723932723, -0.044694546106829, 0.178778184427318, 0.178778184427318, -0.025815188544578, 0.093906187970878 ],
[0.663741723932723, -0.044694546106830, -0.044694546106829, 0.178778184427318, -0.025815188544578, 0.178778184427318, 0.093906187970878 ],
[-0.086220326221122, 0.205263200740812, -0.016001420111690, 0.664181094416856, 0.009328479819991, -0.060004562430140, 0.283453533785293 ],
[0.205263200740714, -0.016001420111631, -0.086220326221172, 0.009328479819875, -0.060004562429953, 0.664181094417758, 0.283453533784409 ],
[-0.016001420111641, -0.086220326221231, 0.205263200741013, -0.060004562429953, 0.664181094417539, 0.009328479819959, 0.283453533784315 ],
[0.205263200740812, -0.086220326221122, -0.016001420111690, 0.664181094416856, -0.060004562430140, 0.009328479819991, 0.283453533785293 ],
[-0.086220326221231, -0.016001420111641, 0.205263200741013, -0.060004562429953, 0.009328479819959, 0.664181094417539, 0.283453533784315 ],
[-0.016001420111631, 0.205263200740714, -0.086220326221172, 0.009328479819875, 0.664181094417758, -0.060004562429953, 0.283453533784409 ] ]


  _self.dphiJdl1 = [ 
[0.185712284335440, 0.188565303651440, -0.817140734980560, 0.242885766078239, -1.751408195289760, 0.254297843342239, 1.697087732862961    ],
[-0.002853019316000, 0.000000000000000, 0.002853019316000, 2.005706038632000, -2.005706038632000, -0.000000000000000, 0.000000000000000   ],
[0.817140734980560, -0.188565303651440, -0.185712284335440, 1.751408195289760, -0.242885766078240, -0.254297843342239, -1.697087732862961 ],
[-0.594198912305078, 0.153445029728922, -2.341842854339078, -0.361424060949687, -0.866136176881687, 2.629151707186313, 1.381005267560296  ],
[-0.747643942034000, -0.000000000000000, 0.747643942034000, 3.495287884068000, -3.495287884068000, 0.000000000000000, -0.000000000000001  ],
[2.341842854339078, -0.153445029728922, 0.594198912305078, 0.866136176881687, 0.361424060949687, -2.629151707186313, -1.381005267560296   ],
[-0.249729656811648, -0.491139460947648, 0.296280339672351, 4.510567840274594, -0.581452152693406, 0.935728239034594, -4.420255148528836  ],
[1.494010214796629, -0.051999781687371, -0.293409585824171, 0.420579326128683, -0.004581072629717, -1.096601065597717, -0.467998035186336 ],
[-0.244280557985181, 0.543139242635619, -1.002870753849181, -0.931147166406477, -3.413966774678477, 0.160872826563123, 4.888253183720574  ],
[1.002870753848753, -0.543139242635247, 0.244280557984753, 3.413966774676987, 0.931147166404987, -0.160872826563013, -4.888253183717221   ],
[0.293409585823434, 0.051999781687434, -1.494010214797366, 0.004581072629462, -0.420579326128938, 1.096601065599062, 0.467998035186910    ],
[-0.296280339672388, 0.491139460948412, 0.249729656811612, 0.581452152690350, -4.510567840277649, -0.935728239036049, 4.420255148535712   ] ]

  _self.dphiJdl2 = [
[0.188565303651440, 0.185712284335440, -0.817140734980560, 0.242885766078239, 0.254297843342239, -1.751408195289760, 1.697087732862961    ],
[-0.188565303651440, 0.817140734980560, -0.185712284335440, 1.751408195289760, -0.254297843342239, -0.242885766078240, -1.697087732862961 ],
[-0.000000000000000, -0.002853019316000, 0.002853019316000, 2.005706038632000, -0.000000000000000, -2.005706038632000, -0.000000000000001 ],
[0.153445029728922, -0.594198912305078, -2.341842854339078, -0.361424060949687, 2.629151707186313, -0.866136176881687, 1.381005267560296  ],  
[-0.153445029728922, 2.341842854339078, 0.594198912305078, 0.866136176881687, -2.629151707186313, 0.361424060949687, -1.381005267560296   ],
[-0.000000000000000, -0.747643942034000, 0.747643942034000, 3.495287884068000, -0.000000000000001, -3.495287884068000, -0.000000000000001 ],
[-0.543139242635247, 1.002870753848753, 0.244280557984753, 3.413966774676987, -0.160872826563013, 0.931147166404987, -4.888253183717221   ],
[0.491139460948412, -0.296280339672388, 0.249729656811612, 0.581452152690350, -0.935728239036049, -4.510567840277649, 4.420255148535712   ],
[0.051999781687434, 0.293409585823434, -1.494010214797366, 0.004581072629462, 1.096601065599062, -0.420579326128938, 0.467998035186910    ],
[-0.491139460947648, -0.249729656811648, 0.296280339672351, 4.510567840274594, 0.935728239034594, -0.581452152693406, -4.420255148528836  ],
[0.543139242635619, -0.244280557985181, -1.002870753849181, -0.931147166406477, 0.160872826563123, -3.413966774678477, 4.888253183720574  ],
[-0.051999781687371, 1.494010214796629, -0.293409585824171, 0.420579326128683, -1.096601065597717, -0.004581072629717, -0.467998035186336 ] ]


  _self.dgqPointsdl1 = [ [1, 0, -1],
                         [1, 0, -1],
                         [1, 0, -1],
                         [1, 0, -1],
                         [1, 0, -1],
                         [1, 0, -1],
                         [1, 0, -1],
                         [1, 0, -1],
                         [1, 0, -1],
                         [1, 0, -1],
                         [1, 0, -1],
                         [1, 0, -1] ]

  _self.dgqPointsdl2 = [ [0, 1, -1],
                         [0, 1, -1],
                         [0, 1, -1],
                         [0, 1, -1],
                         [0, 1, -1],
                         [0, 1, -1],
                         [0, 1, -1],
                         [0, 1, -1],
                         [0, 1, -1],
                         [0, 1, -1],
